{"ACE": [[0.6848030018761726, 0.07129455909943715, 0.06378986866791744, 0.0675422138836773, 0.1125703564727955], [0.61, 0.08, 0.07, 0.08, 0.16], [0.61, 0.08, 0.07, 0.08, 0.16], [0.5, 0.08695652173913043, 0.06521739130434782, 0.08695652173913043, 0.2608695652173913], [0.5, 0.08695652173913043, 0.06521739130434782, 0.08695652173913043, 0.2608695652173913], [0.5, 0.08695652173913043, 0.06521739130434782, 0.08695652173913043, 0.2608695652173913], [0.6129753914988815, 0.09843400447427293, 0.09172259507829977, 0.06935123042505593, 0.12751677852348994], [0.6047297297297297, 0.10135135135135136, 0.0945945945945946, 0.07094594594594594, 0.12837837837837837], [0.5793103448275863, 0.1103448275862069, 0.10344827586206896, 0.07586206896551724, 0.1310344827586207], [0.5, 0.08695652173913043, 0.06521739130434782, 0.08695652173913043, 0.2608695652173913], [0.5, 0.08695652173913043, 0.06521739130434782, 0.08695652173913043, 0.2608695652173913], [0.5, 0.08695652173913043, 0.06521739130434782, 0.08695652173913043, 0.2608695652173913], [0.5625, 0.10714285714285714, 0.09821428571428571, 0.08035714285714286, 0.15178571428571427], [0.5625, 0.10714285714285714, 0.09821428571428571, 0.08035714285714286, 0.15178571428571427], [0.5625, 0.10714285714285714, 0.09821428571428571, 0.08035714285714286, 0.15178571428571427], [0.610738255033557, 0.09395973154362416, 0.087248322147651, 0.06711409395973154, 0.14093959731543623], [0.610738255033557, 0.09395973154362416, 0.087248322147651, 0.06711409395973154, 0.14093959731543623], [0.610738255033557, 0.09395973154362416, 0.087248322147651, 0.06711409395973154, 0.14093959731543623], [0.7, 0.07142857142857142, 0.060714285714285714, 0.060714285714285714, 0.10714285714285714], [0.7, 0.07142857142857142, 0.060714285714285714, 0.060714285714285714, 0.10714285714285714], [0.7, 0.07142857142857142, 0.060714285714285714, 0.060714285714285714, 0.10714285714285714], [0.5, 0.08695652173913043, 0.06521739130434782, 0.08695652173913043, 0.2608695652173913], [0.5, 0.08695652173913043, 0.06521739130434782, 0.08695652173913043, 0.2608695652173913], [0.5, 0.08695652173913043, 0.06521739130434782, 0.08695652173913043, 0.2608695652173913], [0.5545454545454546, 0.10909090909090909, 0.1, 0.08181818181818182, 0.15454545454545454], [0.5545454545454546, 0.10909090909090909, 0.1, 0.08181818181818182, 0.15454545454545454], [0.5545454545454546, 0.10909090909090909, 0.1, 0.08181818181818182, 0.15454545454545454], [0.6518987341772152, 0.06962025316455696, 0.06962025316455696, 0.06962025316455696, 0.13924050632911392], [0.6518987341772152, 0.06962025316455696, 0.06962025316455696, 0.06962025316455696, 0.13924050632911392], [0.6518987341772152, 0.06962025316455696, 0.06962025316455696, 0.06962025316455696, 0.13924050632911392], [0.6203703703703703, 0.08333333333333333, 0.08333333333333333, 0.0787037037037037, 0.13425925925925927], [0.6203703703703703, 0.08333333333333333, 0.08333333333333333, 0.0787037037037037, 0.13425925925925927], [0.6203703703703703, 0.08333333333333333, 0.08333333333333333, 0.0787037037037037, 0.13425925925925927], [0.5208333333333334, 0.08333333333333333, 0.0625, 0.08333333333333333, 0.25], [0.5208333333333334, 0.08333333333333333, 0.0625, 0.08333333333333333, 0.25], [0.5208333333333334, 0.08333333333333333, 0.0625, 0.08333333333333333, 0.25], [0.5384615384615384, 0.07692307692307693, 0.07692307692307693, 0.09615384615384616, 0.21153846153846154], [0.5384615384615384, 0.07692307692307693, 0.07692307692307693, 0.09615384615384616, 0.21153846153846154], [0.5384615384615384, 0.07692307692307693, 0.07692307692307693, 0.09615384615384616, 0.21153846153846154], [0.5585585585585585, 0.12612612612612611, 0.0990990990990991, 0.09009009009009009, 0.12612612612612611], [0.5585585585585585, 0.12612612612612611, 0.0990990990990991, 0.09009009009009009, 0.12612612612612611], [0.5585585585585585, 0.12612612612612611, 0.0990990990990991, 0.09009009009009009, 0.12612612612612611], [0.5576923076923077, 0.1346153846153846, 0.10576923076923077, 0.09615384615384616, 0.10576923076923077], [0.5576923076923077, 0.1346153846153846, 0.10576923076923077, 0.09615384615384616, 0.10576923076923077], [0.5576923076923077, 0.1346153846153846, 0.10576923076923077, 0.09615384615384616, 0.10576923076923077], [0.5758468335787923, 0.08836524300441827, 0.08689248895434462, 0.10898379970544919, 0.13991163475699558], [0.5641025641025641, 0.09324009324009325, 0.09090909090909091, 0.11421911421911422, 0.13752913752913754], [0.5195530726256983, 0.11173184357541899, 0.10614525139664804, 0.1340782122905028, 0.12849162011173185], [0.7070600632244468, 0.06638566912539515, 0.06111696522655427, 0.06111696522655427, 0.10432033719704953], [0.6965742251223491, 0.06851549755301795, 0.0636215334420881, 0.0636215334420881, 0.10766721044045677], [0.6606498194945848, 0.07581227436823104, 0.07220216606498195, 0.07220216606498195, 0.11913357400722022], [0.6395534290271132, 0.0861244019138756, 0.0733652312599681, 0.0733652312599681, 0.12759170653907495], [0.6351351351351351, 0.08378378378378379, 0.07297297297297298, 0.07297297297297298, 0.13513513513513514], [0.6106194690265486, 0.07079646017699115, 0.07079646017699115, 0.07079646017699115, 0.17699115044247787], [0.6181102362204725, 0.08005249343832022, 0.07742782152230972, 0.09055118110236221, 0.13385826771653545], [0.6192384769539078, 0.08216432865731463, 0.0781563126252505, 0.08817635270541083, 0.13226452905811623], [0.6228813559322034, 0.08898305084745763, 0.08050847457627118, 0.08050847457627118, 0.1271186440677966], [0.5208333333333334, 0.08333333333333333, 0.0625, 0.08333333333333333, 0.25], [0.5208333333333334, 0.08333333333333333, 0.0625, 0.08333333333333333, 0.25], [0.5208333333333334, 0.08333333333333333, 0.0625, 0.08333333333333333, 0.25], [0.6121495327102804, 0.09345794392523364, 0.09345794392523364, 0.08411214953271028, 0.11682242990654206], [0.6121495327102804, 0.09345794392523364, 0.09345794392523364, 0.08411214953271028, 0.11682242990654206], [0.6121495327102804, 0.09345794392523364, 0.09345794392523364, 0.08411214953271028, 0.11682242990654206], [0.7, 0.07142857142857142, 0.060714285714285714, 0.060714285714285714, 0.10714285714285714], [0.7, 0.07142857142857142, 0.060714285714285714, 0.060714285714285714, 0.10714285714285714], [0.7, 0.07142857142857142, 0.060714285714285714, 0.060714285714285714, 0.10714285714285714], [0.5217391304347826, 0.08695652173913043, 0.06521739130434782, 0.08695652173913043, 0.2391304347826087], [0.5217391304347826, 0.08695652173913043, 0.06521739130434782, 0.08695652173913043, 0.2391304347826087], [0.5217391304347826, 0.08695652173913043, 0.06521739130434782, 0.08695652173913043, 0.2391304347826087], [0.5217391304347826, 0.08695652173913043, 0.06521739130434782, 0.08695652173913043, 0.2391304347826087], [0.5217391304347826, 0.08695652173913043, 0.06521739130434782, 0.08695652173913043, 0.2391304347826087], [0.5217391304347826, 0.08695652173913043, 0.06521739130434782, 0.08695652173913043, 0.2391304347826087], [0.5217391304347826, 0.08695652173913043, 0.06521739130434782, 0.08695652173913043, 0.2391304347826087], [0.5217391304347826, 0.08695652173913043, 0.06521739130434782, 0.08695652173913043, 0.2391304347826087], [0.5217391304347826, 0.08695652173913043, 0.06521739130434782, 0.08695652173913043, 0.2391304347826087], [0.6228070175438597, 0.07017543859649122, 0.07017543859649122, 0.07017543859649122, 0.16666666666666666], [0.6228070175438597, 0.07017543859649122, 0.07017543859649122, 0.07017543859649122, 0.16666666666666666], [0.6228070175438597, 0.07017543859649122, 0.07017543859649122, 0.07017543859649122, 0.16666666666666666], [0.5217391304347826, 0.08695652173913043, 0.06521739130434782, 0.08695652173913043, 0.2391304347826087], [0.5217391304347826, 0.08695652173913043, 0.06521739130434782, 0.08695652173913043, 0.2391304347826087], [0.5217391304347826, 0.08695652173913043, 0.06521739130434782, 0.08695652173913043, 0.2391304347826087], [0.5505050505050505, 0.10101010101010101, 0.10101010101010101, 0.09090909090909091, 0.15656565656565657], [0.5505050505050505, 0.10101010101010101, 0.10101010101010101, 0.09090909090909091, 0.15656565656565657], [0.5505050505050505, 0.10101010101010101, 0.10101010101010101, 0.09090909090909091, 0.15656565656565657], [0.5827814569536424, 0.11258278145695365, 0.09933774834437085, 0.0728476821192053, 0.13245033112582782], [0.5827814569536424, 0.11258278145695365, 0.09933774834437085, 0.0728476821192053, 0.13245033112582782], [0.5827814569536424, 0.11258278145695365, 0.09933774834437085, 0.0728476821192053, 0.13245033112582782], [0.6558966074313409, 0.0840064620355412, 0.08239095315024232, 0.06785137318255251, 0.1098546042003231], [0.6773455377574371, 0.08009153318077804, 0.07780320366132723, 0.06407322654462243, 0.10068649885583524], [0.7294117647058823, 0.07058823529411765, 0.06666666666666667, 0.054901960784313725, 0.0784313725490196], [0.5724137931034483, 0.1103448275862069, 0.10344827586206896, 0.08275862068965517, 0.1310344827586207], [0.5724137931034483, 0.1103448275862069, 0.10344827586206896, 0.08275862068965517, 0.1310344827586207], [0.5724137931034483, 0.1103448275862069, 0.10344827586206896, 0.08275862068965517, 0.1310344827586207], [0.5827814569536424, 0.11258278145695365, 0.09933774834437085, 0.0728476821192053, 0.13245033112582782], [0.5827814569536424, 0.11258278145695365, 0.09933774834437085, 0.0728476821192053, 0.13245033112582782], [0.5827814569536424, 0.11258278145695365, 0.09933774834437085, 0.0728476821192053, 0.13245033112582782], [0.5545454545454546, 0.10909090909090909, 0.1, 0.08181818181818182, 0.15454545454545454], [0.5545454545454546, 0.10909090909090909, 0.1, 0.08181818181818182, 0.15454545454545454], [0.5545454545454546, 0.10909090909090909, 0.1, 0.08181818181818182, 0.15454545454545454], [0.4772727272727273, 0.09090909090909091, 0.06818181818181818, 0.09090909090909091, 0.2727272727272727], [0.4772727272727273, 0.09090909090909091, 0.06818181818181818, 0.09090909090909091, 0.2727272727272727], [0.4772727272727273, 0.09090909090909091, 0.06818181818181818, 0.09090909090909091, 0.2727272727272727], [0.5, 0.08695652173913043, 0.06521739130434782, 0.08695652173913043, 0.2608695652173913], [0.5, 0.08695652173913043, 0.06521739130434782, 0.08695652173913043, 0.2608695652173913], [0.5, 0.08695652173913043, 0.06521739130434782, 0.08695652173913043, 0.2608695652173913], [0.5106382978723404, 0.0851063829787234, 0.06382978723404255, 0.0851063829787234, 0.2553191489361702], [0.5106382978723404, 0.0851063829787234, 0.06382978723404255, 0.0851063829787234, 0.2553191489361702], [0.5106382978723404, 0.0851063829787234, 0.06382978723404255, 0.0851063829787234, 0.2553191489361702], [0.5825242718446602, 0.0970873786407767, 0.0970873786407767, 0.08737864077669903, 0.13592233009708737], [0.5825242718446602, 0.0970873786407767, 0.0970873786407767, 0.08737864077669903, 0.13592233009708737], [0.5825242718446602, 0.0970873786407767, 0.0970873786407767, 0.08737864077669903, 0.13592233009708737], [0.6228070175438597, 0.07017543859649122, 0.07017543859649122, 0.07017543859649122, 0.16666666666666666], [0.6228070175438597, 0.07017543859649122, 0.07017543859649122, 0.07017543859649122, 0.16666666666666666], [0.6228070175438597, 0.07017543859649122, 0.07017543859649122, 0.07017543859649122, 0.16666666666666666], [0.5217391304347826, 0.08695652173913043, 0.06521739130434782, 0.08695652173913043, 0.2391304347826087], [0.5217391304347826, 0.08695652173913043, 0.06521739130434782, 0.08695652173913043, 0.2391304347826087], [0.5217391304347826, 0.08695652173913043, 0.06521739130434782, 0.08695652173913043, 0.2391304347826087], [0.5, 0.08695652173913043, 0.06521739130434782, 0.08695652173913043, 0.2608695652173913], [0.5, 0.08695652173913043, 0.06521739130434782, 0.08695652173913043, 0.2608695652173913], [0.5, 0.08695652173913043, 0.06521739130434782, 0.08695652173913043, 0.2608695652173913], [0.5384615384615384, 0.07692307692307693, 0.07692307692307693, 0.09615384615384616, 0.21153846153846154], [0.5384615384615384, 0.07692307692307693, 0.07692307692307693, 0.09615384615384616, 0.21153846153846154], [0.5384615384615384, 0.07692307692307693, 0.07692307692307693, 0.09615384615384616, 0.21153846153846154], [0.6228070175438597, 0.07017543859649122, 0.07017543859649122, 0.07017543859649122, 0.16666666666666666], [0.6228070175438597, 0.07017543859649122, 0.07017543859649122, 0.07017543859649122, 0.16666666666666666], [0.6228070175438597, 0.07017543859649122, 0.07017543859649122, 0.07017543859649122, 0.16666666666666666], [0.6052631578947368, 0.07894736842105263, 0.06578947368421052, 0.07894736842105263, 0.17105263157894737], [0.6052631578947368, 0.07894736842105263, 0.06578947368421052, 0.07894736842105263, 0.17105263157894737], [0.6052631578947368, 0.07894736842105263, 0.06578947368421052, 0.07894736842105263, 0.17105263157894737], [0.5396825396825397, 0.07936507936507936, 0.07936507936507936, 0.07936507936507936, 0.2222222222222222], [0.5396825396825397, 0.07936507936507936, 0.07936507936507936, 0.07936507936507936, 0.2222222222222222], [0.5396825396825397, 0.07936507936507936, 0.07936507936507936, 0.07936507936507936, 0.2222222222222222], [0.5208333333333334, 0.08333333333333333, 0.0625, 0.08333333333333333, 0.25], [0.5208333333333334, 0.08333333333333333, 0.0625, 0.08333333333333333, 0.25], [0.5208333333333334, 0.08333333333333333, 0.0625, 0.08333333333333333, 0.25], [0.5211267605633803, 0.08450704225352113, 0.08450704225352113, 0.09859154929577464, 0.2112676056338028], [0.5211267605633803, 0.08450704225352113, 0.08450704225352113, 0.09859154929577464, 0.2112676056338028], [0.5211267605633803, 0.08450704225352113, 0.08450704225352113, 0.09859154929577464, 0.2112676056338028], [0.5384615384615384, 0.07692307692307693, 0.07692307692307693, 0.09615384615384616, 0.21153846153846154], [0.5384615384615384, 0.07692307692307693, 0.07692307692307693, 0.09615384615384616, 0.21153846153846154], [0.5384615384615384, 0.07692307692307693, 0.07692307692307693, 0.09615384615384616, 0.21153846153846154], [0.5, 0.08695652173913043, 0.06521739130434782, 0.08695652173913043, 0.2608695652173913], [0.5, 0.08695652173913043, 0.06521739130434782, 0.08695652173913043, 0.2608695652173913], [0.5, 0.08695652173913043, 0.06521739130434782, 0.08695652173913043, 0.2608695652173913], [0.6453055141579732, 0.08047690014903129, 0.07898658718330849, 0.07153502235469449, 0.12369597615499255], [0.6507592190889371, 0.07809110629067245, 0.07809110629067245, 0.0737527114967462, 0.1193058568329718], [0.6606334841628959, 0.07239819004524888, 0.07239819004524888, 0.07239819004524888, 0.12217194570135746], [0.5208333333333334, 0.08333333333333333, 0.0625, 0.08333333333333333, 0.25], [0.5208333333333334, 0.08333333333333333, 0.0625, 0.08333333333333333, 0.25], [0.5208333333333334, 0.08333333333333333, 0.0625, 0.08333333333333333, 0.25], [0.5, 0.08695652173913043, 0.06521739130434782, 0.08695652173913043, 0.2608695652173913], [0.5, 0.08695652173913043, 0.06521739130434782, 0.08695652173913043, 0.2608695652173913], [0.5, 0.08695652173913043, 0.06521739130434782, 0.08695652173913043, 0.2608695652173913], [0.6525096525096525, 0.07722007722007722, 0.0694980694980695, 0.07142857142857142, 0.12934362934362933], [0.6632124352331606, 0.07772020725388601, 0.06994818652849741, 0.06994818652849741, 0.11917098445595854], [0.6850393700787402, 0.07874015748031496, 0.07086614173228346, 0.06692913385826772, 0.0984251968503937], [0.6228070175438597, 0.07017543859649122, 0.07017543859649122, 0.07017543859649122, 0.16666666666666666], [0.6228070175438597, 0.07017543859649122, 0.07017543859649122, 0.07017543859649122, 0.16666666666666666], [0.6228070175438597, 0.07017543859649122, 0.07017543859649122, 0.07017543859649122, 0.16666666666666666]], "Vanilla": [[0.41379310344827586, 0.20689655172413793, 0.10344827586206896, 0.1724137931034483, 0.10344827586206896], [0.5535714285714286, 0.17857142857142858, 0.16071428571428573, 0.10714285714285714, 0.0], [0.5288461538461539, 0.18269230769230768, 0.18269230769230768, 0.09615384615384616, 0.009615384615384616], [0.5409836065573771, 0.16393442622950818, 0.16393442622950818, 0.11475409836065574, 0.01639344262295082], [0.5180722891566265, 0.24096385542168675, 0.2289156626506024, 0.012048192771084338, 0.0], [0.5714285714285714, 0.21428571428571427, 0.17857142857142858, 0.03571428571428571, 0.0], [0.6470588235294118, 0.17647058823529413, 0.11764705882352941, 0.0, 0.058823529411764705], [0.5277777777777778, 0.1111111111111111, 0.08333333333333333, 0.1388888888888889, 0.1388888888888889], [0.47435897435897434, 0.15384615384615385, 0.11538461538461539, 0.1282051282051282, 0.1282051282051282], [0.5272727272727272, 0.12121212121212122, 0.11515151515151516, 0.07878787878787878, 0.15757575757575756], [0.45454545454545453, 0.18181818181818182, 0.18181818181818182, 0.05454545454545454, 0.12727272727272726], [0.6013986013986014, 0.1258741258741259, 0.0979020979020979, 0.07692307692307693, 0.0979020979020979], [0.55, 0.2, 0.15, 0.1, 0.0], [0.5161290322580645, 0.1935483870967742, 0.1935483870967742, 0.06451612903225806, 0.03225806451612903], [0.5185185185185185, 0.18518518518518517, 0.18518518518518517, 0.07407407407407407, 0.037037037037037035], [0.5180722891566265, 0.24096385542168675, 0.2289156626506024, 0.012048192771084338, 0.0], [0.625, 0.1875, 0.125, 0.0, 0.0625], [0.5068493150684932, 0.1780821917808219, 0.1643835616438356, 0.0958904109589041, 0.0547945205479452], [0.6082474226804123, 0.12371134020618557, 0.1134020618556701, 0.10309278350515463, 0.05154639175257732], [0.5119047619047619, 0.23809523809523808, 0.2261904761904762, 0.011904761904761904, 0.011904761904761904], [0.6439393939393939, 0.09848484848484848, 0.09090909090909091, 0.06818181818181818, 0.09848484848484848], [0.6, 0.2, 0.13333333333333333, 0.0, 0.06666666666666667], [0.5833333333333334, 0.13333333333333333, 0.1, 0.08333333333333333, 0.1], [0.4827586206896552, 0.20689655172413793, 0.20689655172413793, 0.05172413793103448, 0.05172413793103448], [0.5263157894736842, 0.21052631578947367, 0.15789473684210525, 0.05263157894736842, 0.05263157894736842], [0.5625, 0.21875, 0.1875, 0.03125, 0.0], [0.53125, 0.21875, 0.1875, 0.03125, 0.03125], [0.5116279069767442, 0.20930232558139536, 0.16279069767441862, 0.06976744186046512, 0.046511627906976744], [0.5227272727272727, 0.20454545454545456, 0.18181818181818182, 0.045454545454545456, 0.045454545454545456], [0.4444444444444444, 0.2222222222222222, 0.1111111111111111, 0.1111111111111111, 0.1111111111111111], [0.46, 0.22, 0.14, 0.14, 0.04], [0.40350877192982454, 0.15789473684210525, 0.12280701754385964, 0.17543859649122806, 0.14035087719298245], [0.4962962962962963, 0.15555555555555556, 0.14814814814814814, 0.06666666666666667, 0.13333333333333333], [0.5263157894736842, 0.21052631578947367, 0.15789473684210525, 0.05263157894736842, 0.05263157894736842], [0.5263157894736842, 0.21052631578947367, 0.15789473684210525, 0.05263157894736842, 0.05263157894736842], [0.5306122448979592, 0.1836734693877551, 0.1836734693877551, 0.061224489795918366, 0.04081632653061224], [0.5363636363636364, 0.14545454545454545, 0.12727272727272726, 0.09090909090909091, 0.1], [0.5443037974683544, 0.1518987341772152, 0.11392405063291139, 0.08860759493670886, 0.10126582278481013], [0.5384615384615384, 0.20512820512820512, 0.20512820512820512, 0.05128205128205128, 0.0], [0.5230769230769231, 0.2153846153846154, 0.2, 0.06153846153846154, 0.0], [0.5119047619047619, 0.23809523809523808, 0.2261904761904762, 0.023809523809523808, 0.0], [0.5135135135135135, 0.21621621621621623, 0.1891891891891892, 0.05405405405405406, 0.02702702702702703], [0.6, 0.12941176470588237, 0.09411764705882353, 0.09411764705882353, 0.08235294117647059], [0.5066666666666667, 0.17333333333333334, 0.14666666666666667, 0.08, 0.09333333333333334], [0.5277777777777778, 0.16666666666666666, 0.1388888888888889, 0.08333333333333333, 0.08333333333333333], [0.5434782608695652, 0.1956521739130435, 0.15217391304347827, 0.08695652173913043, 0.021739130434782608], [0.5, 0.17857142857142858, 0.17857142857142858, 0.07142857142857142, 0.07142857142857142], [0.5555555555555556, 0.13333333333333333, 0.1111111111111111, 0.08888888888888889, 0.1111111111111111], [0.49019607843137253, 0.19607843137254902, 0.17647058823529413, 0.058823529411764705, 0.0784313725490196], [0.4782608695652174, 0.21739130434782608, 0.13043478260869565, 0.08695652173913043, 0.08695652173913043], [0.5769230769230769, 0.19230769230769232, 0.19230769230769232, 0.038461538461538464, 0.0], [0.5168539325842697, 0.19101123595505617, 0.16853932584269662, 0.06741573033707865, 0.056179775280898875], [0.6, 0.2, 0.13333333333333333, 0.0, 0.06666666666666667], [0.6000000000000001, 0.2, 0.13333333333333333, 0.0, 0.06666666666666667], [0.6, 0.2, 0.13333333333333333, 0.0, 0.06666666666666667]], "CoT": [[0.4482758620689655, 0.15517241379310345, 0.15517241379310345, 0.08620689655172414, 0.15517241379310345], [0.5555555555555556, 0.2222222222222222, 0.16666666666666666, 0.0, 0.05555555555555555], [0.6190476190476191, 0.19047619047619047, 0.14285714285714285, 0.047619047619047616, 0.0], [0.7, 0.1, 0.1, 0.075, 0.025], [0.5476190476190477, 0.21428571428571427, 0.21428571428571427, 0.023809523809523808, 0.0], [0.5714285714285714, 0.21428571428571427, 0.14285714285714285, 0.0, 0.07142857142857142], [0.5636363636363636, 0.14545454545454545, 0.14545454545454545, 0.09090909090909091, 0.05454545454545454], [0.4857142857142857, 0.22857142857142856, 0.2, 0.05714285714285714, 0.02857142857142857], [0.5714285714285714, 0.21428571428571427, 0.14285714285714285, 0.0, 0.07142857142857142], [0.47959183673469385, 0.20408163265306123, 0.1836734693877551, 0.08163265306122448, 0.05102040816326531], [0.5555555555555556, 0.2222222222222222, 0.16666666666666666, 0.0, 0.05555555555555555], [0.5365853658536586, 0.21951219512195122, 0.1951219512195122, 0.024390243902439025, 0.024390243902439025], [0.6060606060606061, 0.18181818181818182, 0.15151515151515152, 0.06060606060606061, 0.0], [0.52, 0.2, 0.16, 0.04, 0.08], [0.5151515151515151, 0.24242424242424243, 0.21212121212121213, 0.030303030303030304, 0.0], [0.4857142857142857, 0.1619047619047619, 0.12380952380952381, 0.08571428571428572, 0.14285714285714285], [0.6287425149700598, 0.11976047904191617, 0.11377245508982035, 0.0658682634730539, 0.0718562874251497], [0.65625, 0.125, 0.09375, 0.09375, 0.03125], [0.5151515151515151, 0.24242424242424243, 0.21212121212121213, 0.030303030303030304, 0.0], [0.55, 0.1, 0.1, 0.075, 0.175], [0.6324324324324324, 0.10810810810810811, 0.10810810810810811, 0.05405405405405406, 0.0972972972972973], [0.4418604651162791, 0.18604651162790697, 0.16279069767441862, 0.09302325581395349, 0.11627906976744186], [0.6052631578947368, 0.18421052631578946, 0.15789473684210525, 0.05263157894736842, 0.0], [0.5754716981132075, 0.14150943396226415, 0.1320754716981132, 0.07547169811320754, 0.07547169811320754], [0.5172413793103449, 0.20689655172413793, 0.1896551724137931, 0.05172413793103448, 0.034482758620689655], [0.5865384615384616, 0.14423076923076922, 0.1346153846153846, 0.057692307692307696, 0.07692307692307693], [0.6363636363636364, 0.18181818181818182, 0.13636363636363635, 0.045454545454545456, 0.0], [0.6, 0.2, 0.13333333333333333, 0.0, 0.06666666666666667], [0.53125, 0.21875, 0.1875, 0.03125, 0.03125], [0.5428571428571428, 0.22857142857142856, 0.2, 0.02857142857142857, 0.0], [0.5333333333333333, 0.2222222222222222, 0.2222222222222222, 0.0, 0.022222222222222223], [0.5294117647058824, 0.23529411764705882, 0.17647058823529413, 0.058823529411764705, 0.0], [0.5294117647058824, 0.23529411764705882, 0.17647058823529413, 0.0, 0.058823529411764705], [0.6285714285714286, 0.14285714285714285, 0.1357142857142857, 0.04285714285714286, 0.05], [0.6111111111111112, 0.1388888888888889, 0.125, 0.08333333333333333, 0.041666666666666664], [0.52, 0.24, 0.22, 0.02, 0.0], [0.5294117647058824, 0.23529411764705882, 0.17647058823529413, 0.0, 0.058823529411764705], [0.5675675675675675, 0.1891891891891892, 0.1891891891891892, 0.05405405405405406, 0.0], [0.5151515151515151, 0.24242424242424243, 0.21212121212121213, 0.030303030303030304, 0.0], [0.5142857142857142, 0.22857142857142856, 0.2, 0.02857142857142857, 0.02857142857142857], [0.5217391304347826, 0.21739130434782608, 0.21739130434782608, 0.0, 0.043478260869565216], [0.5981308411214953, 0.14018691588785046, 0.1308411214953271, 0.056074766355140186, 0.07476635514018691], [0.5789473684210527, 0.21052631578947367, 0.15789473684210525, 0.05263157894736842, 0.0], [0.5384615384615384, 0.23076923076923078, 0.15384615384615385, 0.0, 0.07692307692307693], [0.5882352941176471, 0.11764705882352941, 0.09803921568627451, 0.0784313725490196, 0.11764705882352941], [0.5277777777777778, 0.2222222222222222, 0.19444444444444445, 0.027777777777777776, 0.027777777777777776], [0.5652173913043478, 0.21739130434782608, 0.21739130434782608, 0.0, 0.0], [0.5263157894736842, 0.18421052631578946, 0.10526315789473684, 0.13157894736842105, 0.05263157894736842], [0.5641025641025641, 0.1794871794871795, 0.15384615384615385, 0.10256410256410256, 0.0], [0.5384615384615384, 0.20512820512820512, 0.20512820512820512, 0.02564102564102564, 0.02564102564102564], [0.5543478260869565, 0.16304347826086957, 0.16304347826086957, 0.05434782608695652, 0.06521739130434782], [0.5, 0.23529411764705882, 0.20588235294117646, 0.029411764705882353, 0.029411764705882353], [0.5714285714285714, 0.21428571428571427, 0.14285714285714285, 0.0, 0.07142857142857142], [0.5714285714285714, 0.2142857142857143, 0.14285714285714285, 0.0, 0.07142857142857142], [0.5714285714285715, 0.21428571428571433, 0.14285714285714288, 0.0, 0.07142857142857144]], "PLAP": [[0.6464646464646465, 0.10101010101010101, 0.0707070707070707, 0.08080808080808081, 0.10101010101010101], [0.6097560975609756, 0.07317073170731707, 0.06097560975609756, 0.07317073170731707, 0.18292682926829268], [0.6164383561643836, 0.0821917808219178, 0.0684931506849315, 0.0684931506849315, 0.1643835616438356], [0.5142857142857142, 0.14285714285714285, 0.05714285714285714, 0.11428571428571428, 0.17142857142857143], [0.6444444444444445, 0.0962962962962963, 0.08888888888888889, 0.0962962962962963, 0.07407407407407407], [0.5142857142857142, 0.14285714285714285, 0.05714285714285714, 0.11428571428571428, 0.17142857142857143], [0.5857142857142857, 0.07142857142857142, 0.05714285714285714, 0.07142857142857142, 0.21428571428571427], [0.7659574468085106, 0.05851063829787234, 0.05319148936170213, 0.05585106382978723, 0.06648936170212766], [0.7586206896551724, 0.08045977011494253, 0.08045977011494253, 0.06896551724137931, 0.011494252873563218], [0.5945945945945946, 0.06756756756756757, 0.05405405405405406, 0.06756756756756757, 0.21621621621621623], [0.6153846153846154, 0.07692307692307693, 0.07692307692307693, 0.06153846153846154, 0.16923076923076924], [0.6323529411764706, 0.07352941176470588, 0.058823529411764705, 0.07352941176470588, 0.16176470588235295], [0.6428571428571429, 0.10317460317460317, 0.07936507936507936, 0.09523809523809523, 0.07936507936507936], [0.6323529411764706, 0.07352941176470588, 0.058823529411764705, 0.07352941176470588, 0.16176470588235295], [0.6569037656903766, 0.08368200836820083, 0.07112970711297072, 0.09205020920502092, 0.09623430962343096], [0.7142857142857143, 0.08571428571428572, 0.0761904761904762, 0.06666666666666667, 0.05714285714285714], [0.7523809523809524, 0.09523809523809523, 0.05714285714285714, 0.09523809523809523, 0.0], [0.6144578313253012, 0.07228915662650602, 0.060240963855421686, 0.07228915662650602, 0.18072289156626506], [0.6083916083916084, 0.09090909090909091, 0.08391608391608392, 0.0979020979020979, 0.11888111888111888], [0.6097560975609756, 0.07317073170731707, 0.06097560975609756, 0.07317073170731707, 0.18292682926829268], [0.6625766871165644, 0.07975460122699386, 0.06134969325153374, 0.09202453987730061, 0.10429447852760736], [0.6625, 0.0875, 0.0875, 0.0875, 0.075], [0.5766423357664233, 0.10218978102189781, 0.08759124087591241, 0.10218978102189781, 0.13138686131386862], [0.6352941176470588, 0.07058823529411765, 0.058823529411764705, 0.058823529411764705, 0.17647058823529413], [0.6869565217391305, 0.09565217391304348, 0.0782608695652174, 0.08695652173913043, 0.05217391304347826], [0.7226277372262774, 0.0948905109489051, 0.08029197080291971, 0.072992700729927, 0.029197080291970802], [0.7642276422764228, 0.07317073170731707, 0.056910569105691054, 0.08130081300813008, 0.024390243902439025], [0.6195652173913043, 0.10869565217391304, 0.07608695652173914, 0.08695652173913043, 0.10869565217391304], [0.6695652173913044, 0.09565217391304348, 0.0782608695652174, 0.08695652173913043, 0.06956521739130435], [0.603448275862069, 0.06896551724137931, 0.06896551724137931, 0.06896551724137931, 0.1896551724137931], [0.7192982456140351, 0.09649122807017543, 0.07017543859649122, 0.07894736842105263, 0.03508771929824561], [0.7, 0.075, 0.0625, 0.08333333333333333, 0.07916666666666666], [0.6929824561403509, 0.07894736842105263, 0.05263157894736842, 0.09649122807017543, 0.07894736842105263], [0.7217391304347827, 0.10434782608695652, 0.08695652173913043, 0.0782608695652174, 0.008695652173913044], [0.6230366492146597, 0.10471204188481675, 0.09424083769633508, 0.08900523560209424, 0.08900523560209424], [0.5865384615384616, 0.11538461538461539, 0.08653846153846154, 0.10576923076923077, 0.10576923076923077], [0.6384615384615384, 0.09230769230769231, 0.06923076923076923, 0.09230769230769231, 0.1076923076923077], [0.6323529411764706, 0.07352941176470588, 0.058823529411764705, 0.07352941176470588, 0.16176470588235295], [0.6461538461538462, 0.1076923076923077, 0.06153846153846154, 0.09230769230769231, 0.09230769230769231], [0.6201550387596899, 0.11627906976744186, 0.10077519379844961, 0.08527131782945736, 0.07751937984496124], [0.5142857142857142, 0.14285714285714285, 0.05714285714285714, 0.11428571428571428, 0.17142857142857143], [0.7741935483870968, 0.07258064516129033, 0.06451612903225806, 0.07258064516129033, 0.016129032258064516], [0.6666666666666666, 0.08571428571428572, 0.047619047619047616, 0.09523809523809523, 0.10476190476190476], [0.6722689075630253, 0.09243697478991597, 0.07563025210084033, 0.06722689075630252, 0.09243697478991597], [0.7692307692307693, 0.0650887573964497, 0.047337278106508875, 0.07692307692307693, 0.04142011834319527], [0.5882352941176471, 0.08823529411764706, 0.07352941176470588, 0.07352941176470588, 0.17647058823529413], [0.5614035087719298, 0.12280701754385964, 0.08771929824561403, 0.12280701754385964, 0.10526315789473684], [0.6379310344827587, 0.09482758620689655, 0.06896551724137931, 0.10344827586206896, 0.09482758620689655], [0.7052631578947368, 0.08421052631578947, 0.07368421052631578, 0.09473684210526316, 0.042105263157894736], [0.6323529411764706, 0.07352941176470588, 0.058823529411764705, 0.07352941176470588, 0.16176470588235295], [0.6808510638297872, 0.07801418439716312, 0.07092198581560284, 0.09929078014184398, 0.07092198581560284], [0.6694214876033058, 0.0743801652892562, 0.06611570247933884, 0.0743801652892562, 0.11570247933884298], [0.5049019607843137, 0.1568627450980392, 0.0784313725490196, 0.1323529411764706, 0.12745098039215685], [0.5000576701268742, 0.1665513264129181, 0.0715109573241061, 0.14273356401384082, 0.11914648212226066], [0.5000013411657412, 0.16666398433518415, 0.07143048737963037, 0.14285426893055445, 0.11904991818888978]]}